0.000000000000000000e+00 5.506000000000000227e+01
1.266889999999999930e+02 3.087999999999999901e+01
4.177189999999990278e+02 7.240000000000000213e+00
4.189019999999999868e+02 7.400000000000000355e+00
4.417579999999999814e+02 1.992000000000000171e+01
6.489890000000000327e+02 -5.999999999999999778e-01
6.500849999999990132e+02 1.699999999999999956e+00
6.510679999999989604e+02 4.660000000000000142e+00
6.520819999999999936e+02 -8.199999999999999289e+00
6.529829999999999472e+02 -5.309999999999999609e+00
7.528490000000000464e+02 3.940999999999999659e+01
8.067340000000000373e+02 1.530000000000000027e+00
8.077349999999989905e+02 0.000000000000000000e+00
8.086960000000000264e+02 -8.939999999999999503e+00
9.920949999999990041e+02 -3.098999999999999844e+01
1.123935999999999922e+03 -3.126999999999999957e+01
1.130895999999999958e+03 -4.431000000000000227e+01
1.131893000000000029e+03 -4.590999999999999659e+01
1.132845000000000027e+03 -4.765999999999999659e+01
1.160713999999999942e+03 -3.478000000000000114e+01
1.161788999999999987e+03 -3.459000000000000341e+01
1.162740999999999985e+03 -3.575000000000000000e+01
1.163676999999999907e+03 -3.406000000000000227e+01
1.463997000000000071e+03 -1.457000000000000028e+01
1.479988000000000056e+03 3.000000000000000000e+00
1.554752999999999929e+03 4.207999999999999829e+01
1.587698000000000093e+03 6.629999999999999893e+00
1.822943999999999960e+03 4.857000000000000028e+01
1.913897999999999911e+03 1.669999999999999929e+01
1.914739000000000033e+03 -1.041999999999999993e+01
2.116081000000000131e+03 1.400999999999999979e+01
2.117039000000000215e+03 1.366999999999999993e+01
2.152990999999999985e+03 2.957000000000000028e+01
2.154952000000000226e+03 2.957999999999999829e+01
2.155974999999999909e+03 2.562000000000000099e+01
2.180952999999999975e+03 8.730000000000000426e+00
2.181985000000000127e+03 7.639999999999999680e+00
2.504969000000000051e+03 1.590000000000000036e+01
2.624726999999999862e+03 3.821000000000000085e+01
2.625699000000000069e+03 3.446000000000000085e+01
2.652811000000000149e+03 -1.520000000000000018e+00
2.820092999999999847e+03 -1.980000000000000071e+01
2.882085000000000036e+03 -9.339999999999999858e+00
2.882932999999999993e+03 -6.469999999999999751e+00
2.918918000000000120e+03 9.539999999999999147e+00
2.920047999999999774e+03 1.421000000000000085e+01
2.948842999999999847e+03 -1.500000000000000000e+00
2.949733999999999924e+03 -2.999999999999999889e-01
3.005824999999999818e+03 -3.654999999999999716e+01
3.006782999999999902e+03 -3.553999999999999915e+01
3.008722999999999956e+03 -3.194999999999999929e+01
3.063679999999999836e+03 1.983999999999999986e+01
