0.000000000000000000e+00 8.200360214701338801e-01
1.000000000000000056e-01 1.029267679831623594e+00
2.000000000000000111e-01 -6.580012792987428583e-01
3.000000000000000444e-01 8.172042372611183492e-01
4.000000000000000222e-01 -1.552655910914958026e+00
5.000000000000000000e-01 6.396024786254139727e-02
6.000000000000000888e-01 -9.327660344581987228e-01
7.000000000000000666e-01 -6.788634579011826320e-01
8.000000000000000444e-01 -1.218263385372477803e+00
9.000000000000000222e-01 5.510105492962222851e-01
1.000000000000000000e+00 5.093448658072579072e-01
1.100000000000000089e+00 -7.530242926185446439e-01
1.200000000000000178e+00 3.247683773628769477e-01
1.300000000000000044e+00 2.506769789558205841e-01
1.400000000000000133e+00 -7.158601639224745905e-02
1.500000000000000000e+00 2.305096502198083375e+00
1.600000000000000089e+00 -5.881607286571154392e-01
1.700000000000000178e+00 3.801242843013951656e-01
1.800000000000000044e+00 9.469230333334954786e-02
1.900000000000000133e+00 2.057327324501686538e-01
2.000000000000000000e+00 8.185899426096483467e-01
2.100000000000000089e+00 4.215583087718509092e-01
2.200000000000000178e+00 -1.162877646617345162e-01
2.300000000000000266e+00 8.670389278744129458e-01
2.400000000000000355e+00 1.896251379858977071e+00
2.500000000000000000e+00 1.604857071738941876e+00
2.600000000000000089e+00 7.972202560376794311e-01
2.700000000000000178e+00 -2.168171650863750521e-01
2.800000000000000266e+00 6.308663696985831182e-01
2.900000000000000355e+00 1.465359430401883101e+00
3.000000000000000000e+00 1.526533219177091283e+00
3.100000000000000089e+00 6.741114570323478716e-01
3.200000000000000178e+00 -4.271323613348421144e-02
3.300000000000000266e+00 1.551558455209978982e-01
3.400000000000000355e+00 1.193300472325333983e+00
3.500000000000000000e+00 1.193386129469666601e+00
3.600000000000000089e+00 -1.149301264465133698e+00
3.700000000000000178e+00 1.375528051572085353e+00
3.800000000000000266e+00 1.534715799606561681e+00
3.900000000000000355e+00 3.177436304462588623e-02
4.000000000000000000e+00 2.306050046960816946e-01
4.100000000000000533e+00 2.900056749305439663e-01
4.200000000000000178e+00 3.897542564985183589e-01
4.299999999999999822e+00 -3.535407350735739751e-01
4.400000000000000355e+00 1.341787906579419154e+00
4.500000000000000000e+00 1.853882873678791565e-01
4.600000000000000533e+00 8.269141312982524195e-01
4.700000000000000178e+00 3.181053113946612498e-01
4.800000000000000711e+00 9.905506669544745790e-01
4.900000000000000355e+00 -3.452499365399314124e-01
5.000000000000000000e+00 8.588494832385360489e-01
5.100000000000000533e+00 9.759129785911339061e-01
5.200000000000000178e+00 1.414294348184267136e+00
5.300000000000000711e+00 2.583965454835249975e+00
5.400000000000000355e+00 -1.419440776791475178e+00
5.500000000000000000e+00 1.071769100255294926e+00
5.600000000000000533e+00 1.365515517259219269e-01
5.700000000000000178e+00 -9.780350407564659676e-01
5.800000000000000711e+00 1.887867392742778261e+00
5.900000000000000355e+00 2.466573414760873995e+00
6.000000000000000000e+00 8.118701012382648630e-01
6.100000000000000533e+00 1.458410511150501021e+00
6.200000000000000178e+00 1.198589642880077522e+00
6.300000000000000711e+00 1.682296224016647468e+00
6.400000000000000355e+00 2.086280710800033855e+00
6.500000000000000000e+00 1.485175628187644481e+00
6.600000000000000533e+00 1.404205938444686108e+00
6.700000000000000178e+00 2.228485433675695848e+00
6.800000000000000711e+00 7.156553308421387261e-01
6.900000000000000355e+00 1.725182111984940203e+00
7.000000000000000000e+00 -7.991982226561433755e-02
7.100000000000000533e+00 2.313403088569783606e+00
7.200000000000000178e+00 1.436348304555600919e+00
7.300000000000000711e+00 3.158479014125784023e-01
7.400000000000000355e+00 -1.346933522618097845e+00
7.500000000000000000e+00 8.375985911084073976e-01
7.600000000000000533e+00 -2.581774835517430811e-01
7.700000000000000178e+00 1.316004579545048125e+00
7.800000000000000711e+00 2.558150331172978298e+00
7.900000000000000355e+00 1.346549812674480595e+00
8.000000000000000000e+00 1.068950576486118687e+00
8.099999999999999645e+00 1.624494822706759489e+00
8.200000000000001066e+00 1.574426345318439502e+00
8.300000000000000711e+00 -1.097352676586922371e+00
8.400000000000000355e+00 1.455390173802478371e+00
8.500000000000000000e+00 1.760515648611943984e+00
8.599999999999999645e+00 7.903860268362919994e-01
8.700000000000001066e+00 1.929895093002697681e+00
8.800000000000000711e+00 7.265332122704302176e-01
8.900000000000000355e+00 1.534321099383989750e+00
9.000000000000000000e+00 2.971720327914939119e+00
9.099999999999999645e+00 5.578105238145866229e-01
9.200000000000001066e+00 -1.304353992671931861e+00
9.300000000000000711e+00 3.136693670178223869e-01
9.400000000000000355e+00 -1.036192912204846106e+00
9.500000000000000000e+00 1.362692592322555019e+00
9.600000000000001421e+00 2.138029268243272440e+00
9.700000000000001066e+00 1.608838568223396104e+00
9.800000000000000711e+00 1.315466571921715788e+00
9.900000000000000355e+00 4.213783831475941266e-01
1.000000000000000000e+01 2.694116445193285081e+00
1.010000000000000142e+01 1.898815189556248395e+00
1.020000000000000107e+01 1.428301298477141268e+00
1.030000000000000071e+01 1.317296954551489430e+00
1.040000000000000036e+01 1.164942626786986679e+00
1.050000000000000000e+01 1.423324110094799977e+00
1.060000000000000142e+01 2.593514972184303158e-01
1.070000000000000107e+01 2.291696245062816217e+00
1.080000000000000071e+01 8.138982157055023592e-01
1.090000000000000036e+01 1.167052345495769750e+00
1.100000000000000000e+01 5.713625236559977116e-02
1.110000000000000142e+01 8.137124435984153248e-01
1.120000000000000107e+01 -1.866783562919252848e+00
1.130000000000000071e+01 -6.981509327396129283e-01
1.140000000000000036e+01 4.209678937389499942e-01
1.150000000000000000e+01 -8.154331954582514363e-01
1.160000000000000142e+01 3.016685909599435611e+00
1.170000000000000107e+01 -1.013410177894255693e+00
1.180000000000000071e+01 1.076003309258478868e+00
1.190000000000000036e+01 2.450369428965029517e+00
1.200000000000000000e+01 1.321513607146926672e+00
1.210000000000000142e+01 5.506607316994800438e-01
1.220000000000000107e+01 3.007512816561351832e-01
1.230000000000000071e+01 1.488597678546459857e+00
1.240000000000000036e+01 -5.007761266613952600e-02
1.250000000000000000e+01 5.426045819516872593e-01
1.260000000000000142e+01 1.249101038075633330e+00
1.270000000000000107e+01 1.381698622771167506e-01
1.280000000000000071e+01 4.231904094294107743e-01
1.290000000000000036e+01 -6.830416161242505724e-02
1.300000000000000000e+01 -8.155022558734361660e-01
1.310000000000000142e+01 1.286491353777823754e+00
1.320000000000000107e+01 1.461686977022094380e+00
1.330000000000000071e+01 -2.476433013763607027e-01
1.340000000000000036e+01 -1.688755709432750995e-01
1.350000000000000000e+01 -3.097303636536730131e-02
1.360000000000000142e+01 7.516863123144158498e-01
1.370000000000000107e+01 -6.191332983598208939e-01
1.380000000000000071e+01 2.691193615564955177e-01
1.390000000000000036e+01 6.813070859082882569e-01
1.400000000000000000e+01 1.102395135647374680e+00
1.410000000000000142e+01 -2.303281242899272385e+00
1.420000000000000107e+01 8.696757725301905717e-01
1.430000000000000071e+01 7.714451852763147821e-01
1.440000000000000036e+01 1.365227529267214912e+00
1.450000000000000000e+01 -2.596448601926004685e-01
1.460000000000000142e+01 -3.585266036809135470e-01
1.470000000000000107e+01 1.248059959932572349e+00
1.480000000000000071e+01 -1.630235832364239412e+00
1.490000000000000036e+01 1.460035550636269219e+00
1.500000000000000000e+01 2.303453163785458724e+00
1.510000000000000142e+01 1.663345474251050615e-01
1.520000000000000107e+01 4.727190036018373842e-01
1.530000000000000071e+01 -1.831887621423477608e+00
1.540000000000000036e+01 -1.010403689033164243e+00
1.550000000000000000e+01 7.912433921440062967e-01
1.560000000000000142e+01 1.603333551620921837e-01
1.570000000000000107e+01 -3.102633453227398030e-01
1.580000000000000071e+01 1.750551655676731988e-01
1.590000000000000036e+01 5.095923303630285339e-01
1.600000000000000000e+01 -2.485660964624241687e-01
1.610000000000000142e+01 3.287790230902812305e-02
1.619999999999999929e+01 1.450655428178724421e-02
1.630000000000000071e+01 -1.041683407231385194e+00
1.640000000000000213e+01 2.667288900179047850e-01
1.650000000000000000e+01 1.656659611998585024e+00
1.660000000000000142e+01 1.479244241703447038e+00
1.669999999999999929e+01 -1.842218489440015539e+00
1.680000000000000071e+01 9.355188724782931287e-02
1.690000000000000213e+01 9.799103382518070671e-02
1.700000000000000000e+01 -1.069688401341811090e+00
1.710000000000000142e+01 -1.680154043673890429e+00
1.719999999999999929e+01 -2.064953309602151954e+00
1.730000000000000071e+01 -1.187515208764713615e+00
1.740000000000000213e+01 -3.639105964977786267e-01
1.750000000000000000e+01 -8.201488675276991103e-01
1.760000000000000142e+01 -1.205108855892125241e+00
1.769999999999999929e+01 -1.767736280063455290e+00
1.780000000000000071e+01 -9.372051091081651242e-02
1.790000000000000213e+01 6.858260399135115426e-01
1.800000000000000000e+01 -1.262265928884596322e+00
1.810000000000000142e+01 1.340045666827721083e-01
1.819999999999999929e+01 -2.201119207943134537e+00
1.830000000000000071e+01 -1.015374703895111530e+00
1.840000000000000213e+01 3.083495745289310808e-01
1.850000000000000000e+01 -1.624807123988037283e+00
1.860000000000000142e+01 -1.212835072485281440e+00
1.869999999999999929e+01 7.010563416568923456e-01
1.880000000000000071e+01 -1.556271439829575387e+00
1.890000000000000213e+01 -1.772910607279164719e+00
1.900000000000000000e+01 -4.197377589890899374e-01
1.910000000000000142e+01 9.075637901071140767e-01
1.920000000000000284e+01 -1.309687006315484181e+00
1.930000000000000071e+01 -2.944729918020601023e-01
1.940000000000000213e+01 3.170732030875336172e-01
1.950000000000000000e+01 -6.455555232548184641e-01
1.960000000000000142e+01 -1.167215868574601467e+00
1.970000000000000284e+01 -1.692000833069141397e+00
1.980000000000000071e+01 -2.160584106478848909e+00
1.990000000000000213e+01 4.463346455717880357e-01
2.000000000000000000e+01 -4.326269626001829072e-01
2.010000000000000142e+01 7.466689797754921809e-01
2.020000000000000284e+01 4.022255533640650693e-01
2.030000000000000071e+01 -1.233166885472207763e+00
2.040000000000000213e+01 -1.859547693363098997e+00
2.050000000000000000e+01 -3.387851829452403485e-01
2.060000000000000142e+01 -1.478221277673881673e+00
2.070000000000000284e+01 -5.703344911539760531e-01
2.080000000000000071e+01 -1.777388707097529608e+00
2.090000000000000213e+01 -1.995598784063242537e+00
2.100000000000000000e+01 -1.344488621278236762e+00
2.110000000000000142e+01 -3.133935945205066353e-01
2.120000000000000284e+01 -9.561264877296571374e-01
2.130000000000000071e+01 -6.972340725166858988e-02
2.140000000000000213e+01 -2.439306664931662816e+00
2.150000000000000000e+01 -2.197315434026546832e+00
2.160000000000000142e+01 -1.147599708144843245e+00
2.170000000000000284e+01 1.196952492489010478e+00
2.180000000000000071e+01 -2.060314394563843576e-01
2.190000000000000213e+01 -1.868730282730719061e+00
2.200000000000000000e+01 -8.182210528836139085e-01
2.210000000000000142e+01 -4.856033510518228402e-01
2.220000000000000284e+01 -1.267208657743703837e+00
2.230000000000000071e+01 -1.063324442475321874e-01
2.240000000000000213e+01 -9.240607626363747107e-01
2.250000000000000000e+01 -1.137240026449228614e+00
2.260000000000000142e+01 3.366248619734719671e-01
2.270000000000000284e+01 -2.726030878525587120e+00
2.280000000000000071e+01 -2.068786850157196877e+00
2.290000000000000213e+01 -2.003799001318773421e+00
2.300000000000000000e+01 -2.094644260809339187e+00
2.310000000000000142e+01 -2.011042464002275487e+00
2.320000000000000284e+01 -8.003001913177437698e-01
2.330000000000000071e+01 -1.689786034549785043e-01
2.340000000000000213e+01 -2.984120490760763245e-01
2.350000000000000000e+01 -2.159800419023255813e+00
2.360000000000000142e+01 -1.157145559698871118e+00
2.370000000000000284e+01 -4.990708013873627613e-01
2.380000000000000071e+01 -6.142048345679866905e-01
2.390000000000000213e+01 5.384250626056568123e-01
2.400000000000000000e+01 -1.373949456396795332e+00
2.410000000000000142e+01 -4.978822317402352704e-01
2.420000000000000284e+01 -1.031008888152403546e+00
2.430000000000000071e+01 -3.991860720039080435e-01
2.440000000000000213e+01 -1.768594005274921166e+00
2.450000000000000000e+01 -1.680392486839731969e+00
2.460000000000000142e+01 -1.558789153998669796e+00
2.470000000000000284e+01 -1.476628217660905129e+00
2.480000000000000071e+01 5.527649064573187943e-01
2.490000000000000213e+01 1.090980736230808823e-01
2.500000000000000000e+01 -1.331116369940750666e+00
2.510000000000000142e+01 -9.726056833474245877e-01
2.520000000000000284e+01 -2.738267759857989425e+00
2.530000000000000071e+01 -1.291728982056383312e+00
2.540000000000000213e+01 -8.937005548252514586e-01
2.550000000000000000e+01 1.745765272658335032e-01
2.560000000000000142e+01 -5.458739566050707648e-01
2.570000000000000284e+01 -3.335562522838403376e-01
2.580000000000000071e+01 -3.637955730810960020e-01
2.590000000000000213e+01 -2.979967053511405339e-01
2.600000000000000000e+01 -1.887462705969999988e+00
2.610000000000000142e+01 -8.555515783652886119e-01
2.620000000000000284e+01 1.019917935154315725e+00
2.630000000000000071e+01 4.037484968907004701e-01
2.640000000000000213e+01 4.185345213972901934e-02
2.650000000000000000e+01 -4.403246053743558042e-01
2.660000000000000142e+01 8.216955001139492065e-02
2.670000000000000284e+01 -1.599560544967945308e+00
2.680000000000000071e+01 -2.310162122236298909e+00
2.690000000000000213e+01 -1.176682827725831437e+00
2.700000000000000000e+01 -3.023034900110630474e-01
2.710000000000000142e+01 -7.530584028122436768e-01
2.720000000000000284e+01 1.610633133560304131e-01
2.730000000000000071e+01 -4.638916732133480658e-01
2.740000000000000213e+01 -7.053508721620646016e-01
2.750000000000000000e+01 6.653942622551959341e-01
2.760000000000000142e+01 5.744733460999145169e-01
2.770000000000000284e+01 -5.441401900728591867e-01
2.780000000000000071e+01 -1.438730260256777305e+00
2.790000000000000213e+01 -1.143143623192096614e+00
2.800000000000000000e+01 -3.157464859175851957e-01
2.810000000000000142e+01 -4.641522527081316518e-01
2.820000000000000284e+01 1.589141593441548705e+00
2.830000000000000071e+01 -1.749190801471626644e+00
2.840000000000000213e+01 -1.609583746245202285e-01
2.850000000000000000e+01 -1.213152790012738125e+00
2.860000000000000142e+01 -9.608116977558364691e-02
2.870000000000000284e+01 9.609786601030062547e-02
2.880000000000000071e+01 -7.625416415229903100e-01
2.890000000000000213e+01 1.121333829423737938e-01
2.900000000000000000e+01 -6.589799267664220306e-01
2.910000000000000142e+01 -6.569516447383179081e-01
2.920000000000000284e+01 -8.841612883805887169e-01
2.930000000000000071e+01 2.252258653743511863e-01
2.940000000000000213e+01 -2.189978288613313173e-01
2.950000000000000000e+01 1.306620474754695227e+00
2.960000000000000142e+01 1.110198275236229160e+00
2.970000000000000284e+01 5.082312343077119987e-01
2.980000000000000071e+01 -2.092362519885016869e+00
2.990000000000000213e+01 -1.315273571295506594e+00
3.000000000000000000e+01 1.238691868232192572e+00
3.010000000000000142e+01 -1.645214222452771602e-01
3.020000000000000284e+01 5.762232276530675490e-01
3.030000000000000071e+01 -2.881694856755909750e-01
3.040000000000000213e+01 8.337305328518371805e-01
3.050000000000000000e+01 1.224609099122600631e+00
3.060000000000000142e+01 -1.008145747765474498e+00
3.070000000000000284e+01 -6.847355431915691515e-01
3.080000000000000071e+01 -1.605914446559841613e+00
3.090000000000000213e+01 2.307914657860066499e-01
3.100000000000000000e+01 -1.709810025454432836e+00
3.110000000000000142e+01 -4.279055421844076834e-01
3.120000000000000284e+01 4.687972174520818047e-01
3.130000000000000071e+01 2.047497360495405871e+00
3.140000000000000213e+01 4.252840802286471655e-01
3.150000000000000000e+01 1.399811044589428288e+00
3.160000000000000142e+01 5.118767310425116346e-01
3.170000000000000284e+01 6.750626029732748057e-01
3.180000000000000071e+01 2.661564348557118875e-01
3.190000000000000213e+01 1.942426141769582060e-01
3.200000000000000000e+01 1.833556090060864063e+00
3.210000000000000142e+01 1.090628361786461831e+00
3.220000000000000284e+01 1.080435340315060611e+00
3.230000000000000426e+01 1.346361694836145650e-01
3.239999999999999858e+01 3.688780016765559333e-01
3.250000000000000000e+01 2.729581174739502902e+00
3.260000000000000142e+01 5.266739372006917774e-01
3.270000000000000284e+01 1.844747708304550926e+00
3.280000000000000426e+01 -7.581494203496841333e-02
3.289999999999999858e+01 1.182260578604227064e+00
3.300000000000000000e+01 6.251395556957164423e-01
3.310000000000000142e+01 -8.928870787718323765e-02
3.320000000000000284e+01 9.702068625772161115e-01
3.330000000000000426e+01 -1.185535313938604673e+00
3.339999999999999858e+01 9.958759739079956486e-01
3.350000000000000000e+01 1.293943136510059322e+00
3.360000000000000142e+01 8.814715357855414934e-01
3.370000000000000284e+01 2.027834183283669045e+00
3.380000000000000426e+01 7.553270048834693773e-01
3.389999999999999858e+01 7.698266033987394286e-01
3.400000000000000000e+01 1.350625650027763580e+00
3.410000000000000142e+01 1.914876025768353252e+00
3.420000000000000284e+01 1.639857573473850749e+00
3.430000000000000426e+01 8.365957774580596862e-01
3.439999999999999858e+01 3.346813184882702075e-02
3.450000000000000000e+01 1.634586942081706518e+00
3.460000000000000142e+01 1.077266931164023722e-01
3.470000000000000284e+01 -2.601273516609881042e-03
3.480000000000000426e+01 8.072996951508948360e-02
3.489999999999999858e+01 7.230759062890051991e-01
3.500000000000000000e+01 -1.827123559484341575e-01
3.510000000000000142e+01 -5.495560741375894453e-01
3.520000000000000284e+01 -7.214218147214601640e-02
3.530000000000000426e+01 4.328645549836904749e-01
3.539999999999999858e+01 1.126945461607814281e+00
3.550000000000000000e+01 8.187216766458998984e-01
3.560000000000000142e+01 -2.347477019162124146e-01
3.570000000000000284e+01 1.175685763725751842e+00
3.580000000000000426e+01 1.368992290832124148e+00
3.589999999999999858e+01 6.794103404514144628e-01
3.600000000000000000e+01 4.072517529095583955e-01
3.610000000000000142e+01 4.508640608661090843e-01
3.620000000000000284e+01 7.308540661976811181e-01
3.630000000000000426e+01 3.462340592359324010e+00
3.639999999999999858e+01 3.166725530858919280e-01
3.650000000000000000e+01 1.406237459673129742e+00
3.660000000000000142e+01 3.443334126116062155e-01
3.670000000000000284e+01 4.627657750187396113e-01
3.680000000000000426e+01 1.741811136223524459e-01
3.689999999999999858e+01 1.603319926592563505e+00
3.700000000000000000e+01 1.121188428469210407e+00
3.710000000000000142e+01 5.769743407122773782e-01
3.720000000000000284e+01 1.201457858832465142e+00
3.730000000000000426e+01 1.463073130577878356e+00
3.739999999999999858e+01 -8.310042192993849497e-02
3.750000000000000000e+01 1.385161721422587089e+00
3.760000000000000142e+01 2.060002407973923200e-01
3.770000000000000284e+01 1.854305203558826332e+00
3.780000000000000426e+01 1.847179987759058228e+00
3.789999999999999858e+01 1.590193070574765555e+00
3.800000000000000000e+01 1.037036849586604914e+00
3.810000000000000142e+01 7.561801555898008953e-01
3.820000000000000284e+01 1.025147450535469407e+00
3.830000000000000426e+01 2.034666195918855003e+00
3.840000000000000568e+01 5.321222640642828683e-01
3.850000000000000000e+01 1.189909532464590747e+00
3.860000000000000142e+01 -6.979015081927704145e-01
3.870000000000000284e+01 1.211710673386489079e+00
3.880000000000000426e+01 -1.813206305675238994e-01
3.890000000000000568e+01 -5.508143949314776577e-01
3.900000000000000000e+01 1.217330102793427571e+00
3.910000000000000142e+01 8.645391829748683143e-01
3.920000000000000284e+01 1.944006835983076442e-01
3.930000000000000426e+01 3.481654153241243721e-01
3.940000000000000568e+01 2.960730860041919765e+00
3.950000000000000000e+01 5.573104728591921075e-01
3.960000000000000142e+01 6.274622659325915786e-01
3.970000000000000284e+01 1.565264185660601548e+00
3.980000000000000426e+01 1.082370696443801128e+00
3.990000000000000568e+01 2.053732290429925555e+00
4.000000000000000000e+01 1.395915501108949908e+00
4.010000000000000142e+01 1.906628120095311463e+00
4.020000000000000284e+01 1.587162154732424391e+00
4.030000000000000426e+01 1.757740400328559494e+00
4.040000000000000568e+01 1.010662298290798899e+00
4.050000000000000000e+01 1.193635463404495889e+00
4.060000000000000142e+01 6.016431830794430891e-01
4.070000000000000284e+01 1.370615818445738876e+00
4.080000000000000426e+01 -6.844802217337904171e-01
4.090000000000000568e+01 1.293134184911318485e+00
4.100000000000000000e+01 1.488728880257237375e+00
4.110000000000000142e+01 1.180555687939708109e+00
4.120000000000000284e+01 3.108711438706113217e-01
4.130000000000000426e+01 9.253771568255095836e-01
4.140000000000000568e+01 -3.241976210183440954e-01
4.150000000000000000e+01 1.344142128499459243e+00
4.160000000000000142e+01 -5.219434448574364893e-01
4.170000000000000284e+01 1.248402257264666027e+00
4.180000000000000426e+01 1.262759954835928511e+00
4.190000000000000568e+01 1.201324111754560109e+00
4.200000000000000000e+01 3.931429034875822959e-01
4.210000000000000142e+01 1.621054518048397508e+00
4.220000000000000284e+01 -9.843694970747214334e-01
4.230000000000000426e+01 1.592564002141772628e+00
4.240000000000000568e+01 9.416309779093194887e-01
4.250000000000000000e+01 1.713049364302296373e+00
4.260000000000000142e+01 7.579514172740960953e-01
4.270000000000000284e+01 2.284239035613131019e+00
4.280000000000000426e+01 -6.061389342074550157e-01
4.290000000000000568e+01 8.451894494381524403e-01
4.300000000000000000e+01 -7.317091415222876094e-01
4.310000000000000142e+01 -2.904531139854665822e-02
4.320000000000000284e+01 8.109933240817764899e-01
4.330000000000000426e+01 6.944869787374965409e-01
4.340000000000000568e+01 2.176239268092988066e+00
4.350000000000000000e+01 -2.044804307489970774e-01
4.360000000000000142e+01 1.498884382834815510e+00
4.370000000000000284e+01 3.186677975152124587e-02
4.380000000000000426e+01 -3.432554211756130291e-01
4.390000000000000568e+01 -1.204605530677877567e+00
4.400000000000000000e+01 6.230236121622771961e-01
4.410000000000000142e+01 -4.374957363397991017e-02
4.420000000000000284e+01 1.313789932790581094e+00
4.430000000000000426e+01 -1.028023315772002011e-01
4.440000000000000568e+01 -1.191022650143673256e-01
4.450000000000000000e+01 6.212744314590323835e-01
4.460000000000000142e+01 1.881042399727549386e+00
4.470000000000000284e+01 -1.043106507673279948e+00
4.480000000000000426e+01 9.505336785169655744e-01
4.490000000000000568e+01 7.050505590502358366e-01
4.500000000000000000e+01 -4.733872658108021492e-01
4.510000000000000142e+01 3.642991477385632559e-01
4.520000000000000284e+01 -6.256558963022534892e-01
4.530000000000000426e+01 2.029082539701116961e+00
4.540000000000000568e+01 -4.279391940906691616e-01
4.550000000000000000e+01 -1.862050614754330591e-01
4.560000000000000142e+01 -5.272736009709656502e-01
4.570000000000000284e+01 -1.822289929807508368e+00
4.580000000000000426e+01 -3.209673466500592154e-01
4.590000000000000568e+01 2.346528175816693373e-01
4.600000000000000000e+01 1.545452226281339492e+00
4.610000000000000142e+01 5.537809750823339261e-01
4.620000000000000284e+01 -1.385682586519753345e-01
4.630000000000000426e+01 7.053876692717141184e-02
4.640000000000000568e+01 2.704746284670980216e-01
4.650000000000000000e+01 -5.258923611934345210e-01
4.660000000000000142e+01 4.295191283201178489e-01
4.670000000000000284e+01 1.259268964498418519e+00
4.680000000000000426e+01 -8.402280711244449751e-01
4.690000000000000568e+01 6.300175187697660828e-01
4.700000000000000000e+01 2.171483657131507705e-01
4.710000000000000142e+01 -1.787091479076294842e-01
4.720000000000000284e+01 -6.322133768736399873e-01
4.730000000000000426e+01 -4.050275589319718428e-01
4.740000000000000568e+01 -9.313129069767984713e-01
4.750000000000000000e+01 1.174777811966154051e+00
4.760000000000000142e+01 -1.312578923384435381e+00
4.770000000000000284e+01 6.163650455733814537e-01
4.780000000000000426e+01 1.105284951966506890e+00
4.790000000000000568e+01 -7.038507398786436609e-01
4.800000000000000000e+01 8.305030024420034795e-01
4.810000000000000142e+01 -1.704430512349406623e-01
4.820000000000000284e+01 -2.592841753972312535e-01
4.830000000000000426e+01 -4.324722877899926377e-01
4.840000000000000568e+01 -2.034985645529250320e+00
4.850000000000000000e+01 4.088404365329290080e-02
4.860000000000000142e+01 8.351534166788940894e-01
4.870000000000000284e+01 -1.421630909404411280e+00
4.880000000000000426e+01 2.391119850200351671e-02
4.890000000000000568e+01 -1.004171180343627734e+00
4.900000000000000000e+01 -2.088275395897174036e+00
4.910000000000000142e+01 -4.927980732839520872e-02
4.920000000000000284e+01 6.160197722748776972e-01
4.930000000000000426e+01 -1.857461210990270395e+00
4.940000000000000568e+01 -8.128942814945958606e-01
4.950000000000000000e+01 -2.410843393814738445e+00
4.960000000000000142e+01 -9.393052859607794458e-01
4.970000000000000284e+01 -3.296076916003907176e-01
4.980000000000000426e+01 1.017536460285675348e+00
4.990000000000000568e+01 8.922066165941074933e-01
5.000000000000000000e+01 1.028914233221151164e+00
5.010000000000000142e+01 -1.113223904519483831e+00
5.020000000000000284e+01 -8.318648314846547320e-01
5.030000000000000426e+01 -2.280501790366532333e+00
5.040000000000000568e+01 -1.387816501881723674e+00
5.050000000000000000e+01 -2.203283967727265313e+00
5.060000000000000142e+01 -4.801774966954243107e-01
5.070000000000000284e+01 -1.644013636945937495e+00
5.080000000000000426e+01 -2.147659039251099244e+00
5.090000000000000568e+01 -1.489787966766649596e+00
5.100000000000000000e+01 -2.388374767666964438e+00
5.110000000000000142e+01 -9.384773951408578174e-01
5.120000000000000284e+01 -9.782188890197974773e-01
5.130000000000000426e+01 -1.563811145981190309e+00
5.140000000000000568e+01 -1.936420442289858546e+00
5.150000000000000000e+01 -2.479679667339818483e+00
5.160000000000000142e+01 -5.030794037364870741e-01
5.170000000000000284e+01 -7.400281508686207266e-01
5.180000000000000426e+01 -4.160020888963131269e-01
5.190000000000000568e+01 -1.108552921638633393e+00
5.200000000000000000e+01 -9.600041055073053053e-01
5.210000000000000142e+01 7.356810069232211369e-01
5.220000000000000284e+01 -1.299107777681632658e+00
5.230000000000000426e+01 -1.032251457862122246e+00
5.240000000000000568e+01 -2.372254160642306431e-02
5.250000000000000000e+01 -5.349980116839290201e-01
5.260000000000000142e+01 -2.970254132285503168e+00
5.270000000000000284e+01 -2.704256706396970689e+00
5.280000000000000426e+01 -1.767812774982594703e+00
5.290000000000000568e+01 -2.761903554326272658e-01
5.300000000000000000e+01 -5.752901131279584135e-01
5.310000000000000142e+01 -7.627660579609142344e-01
5.320000000000000284e+01 -6.610320528727412492e-01
5.330000000000000426e+01 -2.234456186487845386e+00
5.340000000000000568e+01 -6.134062164814104712e-01
5.350000000000000000e+01 -2.061521989216792861e+00
5.360000000000000142e+01 -1.024284593568910440e-01
5.370000000000000284e+01 -1.461901149076263451e+00
5.380000000000000426e+01 -5.725817087467444111e-01
5.390000000000000568e+01 -2.641820740622597530e+00
5.400000000000000000e+01 -2.047504133058172471e+00
5.410000000000000142e+01 4.364757850465210698e-01
5.420000000000000284e+01 5.396569694059460964e-02
5.430000000000000426e+01 -1.868197864414230525e+00
5.440000000000000568e+01 5.958946298287717269e-01
5.450000000000000000e+01 -1.842239194700296956e+00
5.460000000000000142e+01 -8.087171903058474332e-01
5.470000000000000284e+01 -1.393059528372011302e+00
5.480000000000000426e+01 -1.918573555796566410e+00
5.490000000000000568e+01 1.016367208662238841e-01
5.500000000000000000e+01 5.665147963974606071e-01
5.510000000000000142e+01 -9.672647604592721216e-01
5.520000000000000284e+01 3.821671751150770291e-01
5.530000000000000426e+01 -1.393651688694315993e+00
5.540000000000000568e+01 -9.450066697546236627e-01
5.550000000000000000e+01 -8.396184297407716102e-01
5.560000000000000142e+01 -2.029387564903761820e+00
5.570000000000000284e+01 -2.669894185968649802e-01
5.580000000000000426e+01 4.813467733081622235e-02
5.590000000000000568e+01 -7.404715296645949518e-01
5.600000000000000000e+01 -2.182454698147869188e+00
5.610000000000000142e+01 -7.108841565391049722e-02
5.620000000000000284e+01 -1.929982377537510452e+00
5.630000000000000426e+01 -1.231417779354316844e+00
5.640000000000000568e+01 -3.209597544750972253e-01
5.650000000000000000e+01 -1.276702378922167647e+00
5.660000000000000142e+01 -3.235951951890938538e-01
5.670000000000000284e+01 -8.808813909116096630e-01
5.680000000000000426e+01 -2.360599070963597335e+00
5.690000000000000568e+01 -6.266247144123567869e-01
5.700000000000000000e+01 -2.536468674482988961e-01
5.710000000000000142e+01 1.515119577310267696e-01
5.720000000000000284e+01 -1.219463440255865061e+00
5.730000000000000426e+01 -8.768258685090223326e-01
5.740000000000000568e+01 -2.245301737716202783e+00
5.750000000000000000e+01 1.302798713578850354e+00
5.760000000000000142e+01 9.471057569921271790e-01
5.770000000000000284e+01 -4.778829064669665727e-01
5.780000000000000426e+01 -4.605221718856527535e-01
5.790000000000000568e+01 -3.166004975304558933e+00
5.800000000000000000e+01 8.809672152793184274e-01
5.810000000000000142e+01 4.655203121016059375e-01
5.820000000000000284e+01 7.441911340577660461e-01
5.830000000000000426e+01 -4.743048078264217593e-01
5.840000000000000568e+01 -5.661294127986740143e-01
5.850000000000000000e+01 -1.382344948434838239e+00
5.860000000000000142e+01 5.651266914963638532e-01
5.870000000000000284e+01 9.659869118167561108e-01
5.880000000000000426e+01 7.662382096539579468e-01
5.890000000000000568e+01 -2.310904547307907619e-01
5.900000000000000000e+01 -7.870046884276535870e-01
5.910000000000000142e+01 -1.529526455348251046e+00
5.920000000000000284e+01 -1.168023082592533735e+00
5.930000000000000426e+01 4.195205027779091989e-02
5.940000000000000568e+01 -6.420526679684472882e-01
5.950000000000000000e+01 1.374785029707418449e+00
5.960000000000000142e+01 9.925294292361726001e-01
5.970000000000000284e+01 -6.473525053790205597e-01
5.980000000000000426e+01 -1.148582938119971031e+00
5.990000000000000568e+01 -3.793636020260319763e-01
6.000000000000000000e+01 1.317824241878857938e+00
6.010000000000000142e+01 -2.128052708419398420e-01
6.020000000000000284e+01 8.873674551412769063e-01
6.030000000000000426e+01 -2.235742049030395306e-01
6.040000000000000568e+01 6.590080593590343927e-01
6.050000000000000000e+01 7.947611283810749327e-01
6.060000000000000142e+01 1.187315237404690915e+00
6.070000000000000284e+01 1.562076012875718067e+00
6.080000000000000426e+01 1.368042901579808568e+00
6.090000000000000568e+01 -5.327873552155347747e-01
6.100000000000000000e+01 -1.915483407686528194e-01
6.110000000000000142e+01 -1.235348942494113755e+00
6.120000000000000284e+01 -2.864992166151885122e-01
6.130000000000000426e+01 1.372157068503913543e-02
6.140000000000000568e+01 -3.470941969882344047e-01
6.150000000000000000e+01 -3.566582658350032631e-01
6.160000000000000142e+01 1.284798066235206981e+00
6.170000000000000284e+01 1.273302138679006212e+00
6.180000000000000426e+01 8.762013804809569706e-01
6.190000000000000568e+01 -6.999978564823631233e-01
6.200000000000000000e+01 8.601088380183989912e-01
6.210000000000000142e+01 3.317224380214923163e-01
6.220000000000000284e+01 2.059866456227594345e+00
6.230000000000000426e+01 -1.059479316758679124e+00
6.240000000000000568e+01 1.550960418053426437e-01
6.250000000000000000e+01 7.544038350687942707e-02
6.260000000000000142e+01 1.276017356690666293e-01
6.270000000000000284e+01 1.476158397209690332e+00
6.280000000000000426e+01 -1.907921641877737606e+00
6.290000000000000568e+01 1.726642308260610270e-01
6.300000000000000000e+01 1.186064630967567979e+00
6.310000000000000142e+01 1.294541903474312639e+00
6.320000000000000284e+01 -2.274338965073314234e-01
6.330000000000000426e+01 -3.218695543882189036e-01
6.340000000000000568e+01 7.674681184595397720e-01
6.350000000000000000e+01 6.580766048491355491e-01
6.360000000000000142e+01 6.778014627001018866e-01
6.370000000000000284e+01 -3.084467710081183256e+00
6.380000000000000426e+01 -3.037447453260941899e-01
6.390000000000000568e+01 5.574272520139289533e-02
6.400000000000000000e+01 1.638595982878796820e+00
6.410000000000000853e+01 -3.935899316208910648e-01
6.420000000000000284e+01 2.338949816091551170e-02
6.429999999999999716e+01 9.088248461882594276e-01
6.440000000000000568e+01 -2.588991997523790722e-01
6.450000000000000000e+01 1.613961591316358302e+00
6.460000000000000853e+01 5.058942875809278039e-01
6.470000000000000284e+01 2.648580026737976212e+00
6.479999999999999716e+01 1.056544284989019422e-01
6.490000000000000568e+01 8.908389636545077650e-02
6.500000000000000000e+01 1.418022397611380825e+00
6.510000000000000853e+01 -6.920496401903997175e-02
6.520000000000000284e+01 2.098268083427812236e+00
6.529999999999999716e+01 1.099111307716846397e+00
6.540000000000000568e+01 3.687810540189345732e-01
6.550000000000000000e+01 5.906567688050826659e-01
6.560000000000000853e+01 3.696422130450257360e+00
6.570000000000000284e+01 1.435677991152647603e+00
6.579999999999999716e+01 1.196713785377550687e+00
6.590000000000000568e+01 1.001796775682584073e+00
6.600000000000000000e+01 2.240659844417786317e+00
6.610000000000000853e+01 -2.708320988707761945e-01
6.620000000000000284e+01 1.081478360076411738e+00
6.629999999999999716e+01 -1.585558900090050294e+00
6.640000000000000568e+01 6.723373359647685232e-01
6.650000000000000000e+01 1.988165105404943178e+00
6.660000000000000853e+01 2.440666847839741749e+00
6.670000000000000284e+01 1.574719128984101824e+00
6.679999999999999716e+01 1.520286144516503679e+00
6.690000000000000568e+01 -9.137839492686407050e-01
6.700000000000000000e+01 6.370678853097311301e-02
6.710000000000000853e+01 2.180723157765202203e+00
6.720000000000000284e+01 1.746629016985646876e-01
6.729999999999999716e+01 5.836250332109199634e-01
6.740000000000000568e+01 -3.794736188610825511e-02
6.750000000000000000e+01 -9.584217725069021920e-02
6.760000000000000853e+01 4.533626987393105656e-01
6.770000000000000284e+01 3.553140104381565800e-01
6.779999999999999716e+01 2.064483304189336899e+00
6.790000000000000568e+01 1.401859617767289734e+00
6.800000000000000000e+01 2.265847017254160711e+00
6.810000000000000853e+01 -1.049480846161920944e-01
6.820000000000000284e+01 2.514229297412621467e+00
6.829999999999999716e+01 1.286967655910234543e+00
6.840000000000000568e+01 3.053801693857906674e+00
6.850000000000000000e+01 1.087462154133598480e+00
6.860000000000000853e+01 -4.436741535339265852e-01
6.870000000000000284e+01 2.235556642736024724e+00
6.879999999999999716e+01 7.177195487298976273e-01
6.890000000000000568e+01 -1.384792742763311324e+00
6.900000000000000000e+01 8.438099022224896384e-01
6.910000000000000853e+01 8.854297786991771613e-01
6.920000000000000284e+01 1.713890916574933643e+00
6.929999999999999716e+01 -2.937232740121027419e+00
6.940000000000000568e+01 1.838566567696520160e+00
6.950000000000000000e+01 2.768580111401895416e-01
6.960000000000000853e+01 2.754926202131041890e+00
6.970000000000000284e+01 -8.053220943348052829e-01
6.979999999999999716e+01 1.540497261096159587e+00
6.990000000000000568e+01 1.478022671427617007e+00
7.000000000000000000e+01 6.963519689662197587e-01
7.010000000000000853e+01 3.717330724482532656e-01
7.020000000000000284e+01 7.700867140364886509e-01
7.029999999999999716e+01 7.657163449424807533e-01
7.040000000000000568e+01 -2.001227383007131433e-01
7.050000000000000000e+01 1.964099856186640070e+00
7.060000000000000853e+01 -2.195216701520703584e-01
7.070000000000000284e+01 1.789637288839400764e+00
7.079999999999999716e+01 -1.127376102419354043e+00
7.090000000000000568e+01 3.898081148313900512e-01
7.100000000000000000e+01 3.283969969992275861e-01
7.110000000000000853e+01 4.229995380814290384e-01
7.120000000000000284e+01 1.371264743066534564e+00
7.129999999999999716e+01 2.178007257607839919e-01
7.140000000000000568e+01 -5.548363358285457458e-03
7.150000000000000000e+01 3.077123297376922473e-01
7.160000000000000853e+01 1.558278701304018465e+00
7.170000000000000284e+01 -5.509358121195608859e-01
7.179999999999999716e+01 -2.905659395839236270e-01
7.190000000000000568e+01 -1.162101976932418346e+00
7.200000000000000000e+01 2.867475243621244729e+00
7.210000000000000853e+01 -2.988564432015992089e-01
7.220000000000000284e+01 -1.032536290382812805e+00
7.229999999999999716e+01 6.443051128404153616e-03
7.240000000000000568e+01 1.377378203245528399e-01
7.250000000000000000e+01 2.127546693000849309e+00
7.260000000000000853e+01 9.300320678224088811e-02
7.270000000000000284e+01 7.378181695627987757e-01
7.279999999999999716e+01 -1.455099405484525210e+00
7.290000000000000568e+01 4.437656227182515956e-01
7.300000000000000000e+01 -1.494500897085809132e+00
7.310000000000000853e+01 -2.162541797771835306e-01
7.320000000000000284e+01 -6.912502445438323262e-01
7.329999999999999716e+01 1.273281496934222101e-01
7.340000000000000568e+01 7.311092938739397473e-01
7.350000000000000000e+01 -1.188969648183618055e+00
7.360000000000000853e+01 -9.235353895337869989e-01
7.370000000000000284e+01 4.797559728262922873e-01
7.379999999999999716e+01 1.044930377911579056e+00
7.390000000000000568e+01 1.835723225833940209e+00
7.400000000000000000e+01 -1.153874409255373212e-02
7.410000000000000853e+01 -1.013922642928747120e+00
7.420000000000000284e+01 6.528982825222635622e-01
7.429999999999999716e+01 -3.690452945307234334e-01
7.440000000000000568e+01 -5.669209049989012428e-01
7.450000000000000000e+01 1.674796229393384461e+00
7.460000000000000853e+01 7.785434116752742995e-01
7.470000000000000284e+01 -6.825344910134611975e-01
7.479999999999999716e+01 -8.579066155668199634e-02
7.490000000000000568e+01 -2.547317288660396750e-01
7.500000000000000000e+01 -8.734567760857514518e-02
7.510000000000000853e+01 -7.170567506376901434e-01
7.520000000000000284e+01 -2.241441997611821169e+00
7.529999999999999716e+01 -1.318656089329728553e+00
7.540000000000000568e+01 -8.478404875903813309e-01
7.550000000000000000e+01 -2.385073887618739952e-01
7.560000000000000853e+01 -1.283776354000287334e+00
7.570000000000000284e+01 5.744905559811558371e-02
7.579999999999999716e+01 -4.390854279559551765e-01
7.590000000000000568e+01 -7.568592558470621512e-01
7.600000000000000000e+01 -1.225746519339819152e+00
7.610000000000000853e+01 5.083152636772154676e-01
7.620000000000000284e+01 4.750573149037009557e-01
7.629999999999999716e+01 8.108164559685405726e-01
7.640000000000000568e+01 4.924224876890679892e-01
7.650000000000000000e+01 4.772081521800021209e-01
7.660000000000000853e+01 1.293607311773826707e-01
7.670000000000000284e+01 -2.124228872188716366e+00
7.680000000000001137e+01 -7.561982120752673842e-01
7.690000000000000568e+01 -2.009895208837489733e+00
7.700000000000000000e+01 7.100341369748660592e-01
7.710000000000000853e+01 -7.299677336679138984e-01
7.720000000000000284e+01 5.256168500546882782e-01
7.730000000000001137e+01 -1.773133721698667564e+00
7.740000000000000568e+01 -8.057889489976756137e-01
7.750000000000000000e+01 -3.987164420515508234e-01
7.760000000000000853e+01 -9.250779132324821186e-01
7.770000000000000284e+01 -3.307902489626350917e-01
7.780000000000001137e+01 1.037726687409276982e+00
7.790000000000000568e+01 -1.412629830055248004e+00
7.800000000000000000e+01 -2.973266444138484843e+00
7.810000000000000853e+01 1.286199741867371404e+00
7.820000000000000284e+01 -1.113306200671295265e+00
7.830000000000001137e+01 7.645911012687116592e-01
7.840000000000000568e+01 2.306587552839908239e-01
7.850000000000000000e+01 -7.237267126311319743e-01
7.860000000000000853e+01 -2.280535580285032449e-01
7.870000000000000284e+01 -1.857444751143304096e+00
7.880000000000001137e+01 -7.375303051842537760e-01
7.890000000000000568e+01 -3.249255832645197017e-01
7.900000000000000000e+01 -1.769918847256291006e+00
7.910000000000000853e+01 -1.427460870159863227e+00
7.920000000000000284e+01 -7.574235392700440217e-01
7.930000000000001137e+01 2.600648575339616908e-01
7.940000000000000568e+01 -1.031850816900246048e+00
7.950000000000000000e+01 -1.401767530744360446e+00
7.960000000000000853e+01 -1.043713741923990579e+00
7.970000000000000284e+01 3.445018525617228322e-01
7.980000000000001137e+01 -1.376885481389236388e+00
7.990000000000000568e+01 -9.655994966378835809e-01
8.000000000000000000e+01 -1.245844886576925825e+00
8.010000000000000853e+01 -7.904484974246834827e-01
8.020000000000000284e+01 -3.730041606478685656e-01
8.030000000000001137e+01 4.176818360765204297e-01
8.040000000000000568e+01 -2.797236278206638449e+00
8.050000000000000000e+01 -1.959658501201192449e-01
8.060000000000000853e+01 -1.737304275732819647e+00
8.070000000000000284e+01 -3.539536270243773819e-01
8.080000000000001137e+01 1.933982198650725515e-01
8.090000000000000568e+01 -1.387785188661480040e-01
8.100000000000000000e+01 -1.045539031578591516e+00
8.110000000000000853e+01 -4.129952809694259486e-01
8.120000000000000284e+01 -2.206050319433914719e+00
8.130000000000001137e+01 -1.315928641721522352e+00
8.140000000000000568e+01 3.137261348045472520e-01
8.150000000000000000e+01 -1.929493822270612613e+00
8.160000000000000853e+01 -8.611668439451125590e-01
8.170000000000000284e+01 -1.337924263081861076e+00
8.180000000000001137e+01 -1.075426023231332850e+00
8.190000000000000568e+01 -3.960463455394834242e-01
8.200000000000000000e+01 -1.011599505139315180e+00
8.210000000000000853e+01 -7.097272883912116859e-01
8.220000000000000284e+01 -1.203106181795156715e+00
8.230000000000001137e+01 -2.544635760474972308e+00
8.240000000000000568e+01 -5.745204962428233086e-01
8.250000000000000000e+01 -3.984392715883125491e-01
8.260000000000000853e+01 4.585415389850411305e-01
8.270000000000000284e+01 -1.148235439502337085e+00
8.280000000000001137e+01 -2.501690039781881758e+00
8.290000000000000568e+01 -1.940498213951240114e+00
8.300000000000000000e+01 -7.065708454714126896e-01
8.310000000000000853e+01 -1.366818929343976086e+00
8.320000000000000284e+01 -1.009485265049800296e+00
8.330000000000001137e+01 -1.618591570353035802e+00
8.340000000000000568e+01 6.553556043492101413e-01
8.350000000000000000e+01 5.877497187872480211e-01
8.360000000000000853e+01 -1.981323286582287402e+00
8.370000000000000284e+01 -4.230502175134143172e-02
8.380000000000001137e+01 -5.501453970386319670e-01
8.390000000000000568e+01 -7.537628116139044598e-01
8.400000000000000000e+01 -1.558303210196964717e+00
8.410000000000000853e+01 9.673289806065892282e-01
8.420000000000000284e+01 5.274801679194109916e-01
8.430000000000001137e+01 -2.107361143712568108e+00
8.440000000000000568e+01 6.937942156740941613e-01
8.450000000000000000e+01 -7.898330362345431510e-01
8.460000000000000853e+01 -1.426468868253031985e+00
8.470000000000000284e+01 -1.889536671083613895e+00
8.480000000000001137e+01 -5.033804731471480665e-02
8.490000000000000568e+01 -6.664083192368444042e-01
8.500000000000000000e+01 -1.992613019495196536e+00
8.510000000000000853e+01 -1.956636765887882490e+00
8.520000000000000284e+01 -1.531354845361189154e+00
8.530000000000001137e+01 -1.624942681145301382e+00
8.540000000000000568e+01 -5.255349559843541796e-01
8.550000000000000000e+01 -5.923706930515840741e-01
8.560000000000000853e+01 -1.508328579140498560e+00
8.570000000000000284e+01 -2.423955735834313785e+00
8.580000000000001137e+01 -1.995557729681313841e+00
8.590000000000000568e+01 3.030576138071794379e-01
8.600000000000000000e+01 -1.485514003575999720e+00
8.610000000000000853e+01 -3.276587111543910469e-01
8.620000000000000284e+01 -2.178126397189323438e+00
8.630000000000001137e+01 -2.308811005553984552e-02
8.640000000000000568e+01 1.467145358645609132e+00
8.650000000000000000e+01 -1.835107145600497036e+00
8.660000000000000853e+01 -2.757457661954998418e-02
8.670000000000000284e+01 -3.822092029005265679e-01
8.680000000000001137e+01 1.877813859315868861e-01
8.690000000000000568e+01 -9.258365948265199208e-01
8.700000000000000000e+01 -5.674016056695732058e-01
8.710000000000000853e+01 -6.789141569313852376e-01
8.720000000000000284e+01 -2.800525465181606943e-01
8.730000000000001137e+01 -1.654454894797455555e+00
8.740000000000000568e+01 -5.577443069919052476e-01
8.750000000000000000e+01 1.482349057240718304e-01
8.760000000000000853e+01 6.100881590670625965e-01
8.770000000000000284e+01 4.968002667025611663e-02
8.780000000000001137e+01 -1.467636933201964311e+00
8.790000000000000568e+01 -1.789360306456646788e+00
8.800000000000000000e+01 2.543302132071694199e-01
8.810000000000000853e+01 -1.108984622228587513e+00
8.820000000000000284e+01 7.757138696467745786e-01
8.830000000000001137e+01 -3.568410160881153037e-01
8.840000000000000568e+01 9.149153556576712365e-01
8.850000000000000000e+01 1.978890321994282386e+00
8.860000000000000853e+01 -2.752057138801698999e-01
8.870000000000000284e+01 -4.021673533506801013e-01
8.880000000000001137e+01 6.558482820936855084e-01
8.890000000000000568e+01 6.455569970505475874e-01
8.900000000000000000e+01 1.241255181852617184e+00
8.910000000000000853e+01 -2.809864126659765704e-01
8.920000000000000284e+01 -1.099139521304004496e+00
8.930000000000001137e+01 -4.178847661030337668e-01
8.940000000000000568e+01 -9.811284856873416782e-01
8.950000000000000000e+01 -2.680945159938735722e-02
8.960000000000000853e+01 -1.028066289455128901e+00
8.970000000000000284e+01 8.564630830553948693e-01
8.980000000000001137e+01 7.645692808029793675e-01
8.990000000000000568e+01 3.080880446628001534e-01
9.000000000000000000e+01 2.780178421983083847e-01
9.010000000000000853e+01 1.146742190986587973e-01
9.020000000000000284e+01 1.653634673496406693e+00
9.030000000000001137e+01 1.529723397013747599e+00
9.040000000000000568e+01 4.615607569133705068e-01
9.050000000000000000e+01 -5.900307220778977513e-01
9.060000000000000853e+01 -9.753663273694773705e-01
9.070000000000000284e+01 4.164565953336986648e-01
9.080000000000001137e+01 -5.802479706445270446e-01
9.090000000000000568e+01 4.733180263333579552e-01
9.100000000000000000e+01 -4.312251419943675668e-01
9.110000000000000853e+01 7.119305119528439585e-01
9.120000000000000284e+01 1.566013153981505035e-01
9.130000000000001137e+01 9.874574877722002153e-01
9.140000000000000568e+01 -2.177039514353099392e+00
9.150000000000000000e+01 -8.012394321036797606e-02
9.160000000000000853e+01 2.469506021749590108e+00
9.170000000000000284e+01 -2.137341818148674299e+00
9.180000000000001137e+01 1.319731549914071156e+00
9.190000000000000568e+01 9.955164878495286196e-01
9.200000000000000000e+01 1.944878992867398626e+00
9.210000000000000853e+01 5.423622134358689895e-01
9.220000000000000284e+01 1.934493434483381957e+00
9.230000000000001137e+01 1.959717234053458546e+00
9.240000000000000568e+01 9.106998258064390450e-01
9.250000000000000000e+01 -5.019211866090342866e-01
9.260000000000000853e+01 1.507180301710845827e+00
9.270000000000000284e+01 -4.548573465726171161e-01
9.280000000000001137e+01 3.070601987346891493e-01
9.290000000000000568e+01 1.327624651218464180e+00
9.300000000000000000e+01 1.427411663340808046e+00
9.310000000000000853e+01 -3.353457573902290934e-02
9.320000000000000284e+01 9.486269004065139843e-01
9.330000000000001137e+01 -1.184628018931595417e+00
9.340000000000000568e+01 -5.112635628257478082e-02
9.350000000000000000e+01 1.975958810522198350e+00
9.360000000000000853e+01 1.951786395518959605e+00
9.370000000000000284e+01 1.386124323195593311e+00
9.380000000000001137e+01 6.815929737685075818e-01
9.390000000000000568e+01 1.766226104696081434e+00
9.400000000000000000e+01 9.723579288819775845e-01
9.410000000000000853e+01 1.215398380541576007e+00
9.420000000000000284e+01 1.158399967427474087e+00
9.430000000000001137e+01 2.876885460588600729e-01
9.440000000000000568e+01 1.754620788346847204e+00
9.450000000000000000e+01 -9.883957443972024581e-02
9.460000000000000853e+01 1.673142821579302941e+00
9.470000000000000284e+01 -1.449283761282571525e-01
9.480000000000001137e+01 1.329742966029257012e-02
9.490000000000000568e+01 -2.175480256271258739e+00
9.500000000000000000e+01 4.575006566003735342e-01
9.510000000000000853e+01 7.753209375767977640e-01
9.520000000000000284e+01 1.413772271039104744e+00
9.530000000000001137e+01 1.927072375143274563e+00
9.540000000000000568e+01 -8.175524343666881188e-01
9.550000000000000000e+01 1.736282252962052297e+00
9.560000000000000853e+01 3.816801397325166323e-01
9.570000000000000284e+01 8.749635339470714923e-01
9.580000000000001137e+01 9.409684138637043338e-01
9.590000000000000568e+01 6.848588600462748310e-01
9.600000000000000000e+01 3.135867548545866468e-01
9.610000000000000853e+01 1.526710930142480604e+00
9.620000000000000284e+01 2.073811427699383980e+00
9.630000000000001137e+01 -1.167315683654335245e-02
9.640000000000000568e+01 1.186286205503115365e+00
9.650000000000000000e+01 5.112260378075487166e-01
9.660000000000000853e+01 2.154357786803105856e+00
9.670000000000000284e+01 1.462328437748737109e+00
9.680000000000001137e+01 2.389022667444112624e+00
9.690000000000000568e+01 -7.466474607631425897e-01
9.700000000000000000e+01 1.776277200287068592e+00
9.710000000000000853e+01 8.689835523416534757e-01
9.720000000000000284e+01 -2.665053761257274445e-02
9.730000000000001137e+01 1.208810928862740885e+00
9.740000000000000568e+01 2.333647897299091500e+00
9.750000000000000000e+01 2.442523432912466763e+00
9.760000000000000853e+01 1.745850129475617463e+00
9.770000000000000284e+01 2.476529054442422328e-02
9.780000000000001137e+01 1.416844961795049818e+00
9.790000000000000568e+01 1.528912595957973686e+00
9.800000000000000000e+01 2.488979813454265333e+00
9.810000000000000853e+01 1.117414239691025823e+00
9.820000000000000284e+01 1.304347932224443340e+00
9.830000000000001137e+01 6.120027389342302948e-01
9.840000000000000568e+01 1.882540630369008428e+00
9.850000000000000000e+01 9.248278033404064846e-01
9.860000000000000853e+01 1.235706249884585661e+00
9.870000000000000284e+01 4.817860019782978509e-01
9.880000000000001137e+01 9.014474005858342798e-01
9.890000000000000568e+01 -3.130906680734201197e-01
9.900000000000000000e+01 8.595043876782306747e-01
9.910000000000000853e+01 5.162642861340904776e-02
9.920000000000000284e+01 1.337106727674557849e+00
9.930000000000001137e+01 2.497714509597960486e+00
9.940000000000000568e+01 1.535398334706701284e+00
9.950000000000000000e+01 -3.684677479514548715e-01
9.960000000000000853e+01 4.693815783116765950e-01
9.970000000000000284e+01 -6.967361776116149930e-01
9.980000000000001137e+01 1.008728421067427883e+00
9.990000000000000568e+01 -7.079197087149220469e-01
1.000000000000000000e+02 -8.291060647764481040e-02
