4.918294314314314164e+01 -8.160905350277435844e+01 5.000000000000000000e+00
5.269601051051050433e+01 -6.712955294743460399e+01 5.000000000000000000e+00
5.620907787787787413e+01 -4.742570757660181613e+01 5.000000000000000000e+00
1.194442904904904879e+02 1.640344720189995655e+02 5.000000000000000000e+00
1.510618967967967876e+02 2.771694752100290771e+02 5.000000000000000000e+00
2.353755136136136059e+02 4.197631842192177487e+02 5.000000000000000000e+00
2.424016483483483455e+02 3.978560431756502567e+02 5.000000000000000000e+00
2.634800525525525359e+02 3.600003676453260937e+02 5.000000000000000000e+00
2.880715241241240960e+02 2.713607462172686837e+02 5.000000000000000000e+00
3.056368609609609166e+02 2.237674754597940989e+02 5.000000000000000000e+00
3.407675346346346146e+02 1.189740646443306957e+02 5.000000000000000000e+00
3.477936693693693542e+02 9.420086205034900217e+01 5.000000000000000000e+00
4.426464882882882534e+02 -7.617263314033991151e+01 5.000000000000000000e+00
5.585777114114114283e+02 5.026119219692738938e+01 5.000000000000000000e+00
5.831691829829829885e+02 1.073148180703724108e+02 5.000000000000000000e+00
6.007345198198197522e+02 1.612430722413785702e+02 5.000000000000000000e+00
6.077606545545545487e+02 1.715699426636557803e+02 5.000000000000000000e+00
6.288390587587587106e+02 2.436086238720847632e+02 5.000000000000000000e+00
6.955873387387387083e+02 4.662405926446110698e+02 5.000000000000000000e+00
7.166657429429428703e+02 5.057292555069004152e+02 5.000000000000000000e+00
7.201788103103102685e+02 5.106415027916721669e+02 5.000000000000000000e+00
7.517964166166165114e+02 5.230800562085441925e+02 5.000000000000000000e+00
8.185446965965965092e+02 3.577825065724809406e+02 5.000000000000000000e+00
8.958321786786785879e+02 8.830430917221016784e+01 5.000000000000000000e+00
9.204236502502501480e+02 2.966247858787416902e+01 5.000000000000000000e+00
9.415020544544544236e+02 -3.184311971142411224e+01 5.000000000000000000e+00
9.941980649649649422e+02 -8.913585640450914127e+01 5.000000000000000000e+00
1.039867940740740778e+03 -9.383965156429501064e+01 5.000000000000000000e+00
1.064459412312312224e+03 -7.774718074222171538e+01 5.000000000000000000e+00
1.078511681781781817e+03 -7.572905806232768100e+01 5.000000000000000000e+00
1.085537816516516386e+03 -6.092659537728223285e+01 5.000000000000000000e+00
1.096077018618618467e+03 -3.692472492701997311e+01 5.000000000000000000e+00
1.099590085985985979e+03 -2.328656723216433022e+01 5.000000000000000000e+00
1.131207692292292222e+03 3.728887780231018922e+01 5.000000000000000000e+00
1.166338365965965977e+03 1.506525452194480863e+02 5.000000000000000000e+00
1.204982107007007016e+03 2.714001958341558520e+02 5.000000000000000000e+00
1.212008241741741585e+03 2.925944337076730335e+02 5.000000000000000000e+00
1.233086645945945975e+03 3.320664717391299519e+02 5.000000000000000000e+00
1.370096273273273255e+03 9.296166852287556992e+01 5.000000000000000000e+00
1.384148542742742620e+03 4.222513114161444037e+01 5.000000000000000000e+00
1.398200812212212213e+03 -1.395234522658571485e+01 5.000000000000000000e+00
1.412253081681681579e+03 -7.423610663672124588e+01 5.000000000000000000e+00
1.436844553253253252e+03 -1.561479407388571587e+02 5.000000000000000000e+00
1.440357620620620537e+03 -1.625336659127977725e+02 5.000000000000000000e+00
1.447383755355355333e+03 -1.850439757960453449e+02 5.000000000000000000e+00
1.464949092192191983e+03 -2.069661956327006180e+02 5.000000000000000000e+00
1.500079765865865738e+03 -2.604404987350290526e+02 5.000000000000000000e+00
1.556288843743743655e+03 -3.062504348238058469e+02 5.000000000000000000e+00
1.605471786886886775e+03 -2.477011616286147273e+02 5.000000000000000000e+00
1.686272336336336139e+03 -6.305224207157142757e+01 5.000000000000000000e+00
1.781125155255255095e+03 1.838748292971472154e+02 5.000000000000000000e+00
1.833821165765765727e+03 1.767224821003656814e+02 5.000000000000000000e+00
1.840847300500500296e+03 1.418388824641467636e+02 5.000000000000000000e+00
1.854899569969969889e+03 1.200383782780397581e+02 5.000000000000000000e+00
1.861925704704704685e+03 1.036721775407907984e+02 5.000000000000000000e+00
1.897056378378378213e+03 -1.652742628064968855e+01 5.000000000000000000e+00
1.914621715215215090e+03 -1.038876066295397322e+02 5.000000000000000000e+00
1.935700119419419252e+03 -1.597985647188221492e+02 5.000000000000000000e+00
1.949752388888888845e+03 -2.206920612317969983e+02 5.000000000000000000e+00
2.005961466766766534e+03 -3.371228581229776751e+02 5.000000000000000000e+00
2.048118275175174858e+03 -3.949537416274484372e+02 5.000000000000000000e+00
2.058657477277276939e+03 -4.001468905413087214e+02 5.000000000000000000e+00
2.062170544644644451e+03 -4.037330485685444046e+02 5.000000000000000000e+00
2.065683612012011963e+03 -4.103708485106923831e+02 5.000000000000000000e+00
2.118379622522522368e+03 -3.723514301210190638e+02 5.000000000000000000e+00
2.157023363563563635e+03 -3.072764281960411950e+02 5.000000000000000000e+00
2.213232441441441097e+03 -1.559918803783074281e+02 5.000000000000000000e+00
2.279980721421421094e+03 6.960775957776532152e+01 5.000000000000000000e+00
2.301059125625625256e+03 1.307866206138494363e+02 5.000000000000000000e+00
2.364294338238238197e+03 1.532012373440421413e+02 5.000000000000000000e+00
2.395911944544544440e+03 5.956254577597383815e+01 5.000000000000000000e+00
2.427529550850850683e+03 -5.460925298410087692e+01 5.000000000000000000e+00
2.448607955055054845e+03 -1.258629277757675879e+02 5.000000000000000000e+00
2.466173291891891949e+03 -1.807486131422292317e+02 5.000000000000000000e+00
2.469686359259259007e+03 -1.875541992007180454e+02 5.000000000000000000e+00
2.483738628728728600e+03 -2.383536853315190172e+02 5.000000000000000000e+00
2.487251696096096111e+03 -2.465540488542873163e+02 5.000000000000000000e+00
2.536434639239239004e+03 -3.380101435639773513e+02 5.000000000000000000e+00
2.599669851851851490e+03 -3.844076586316189719e+02 5.000000000000000000e+00
2.606695986586586514e+03 -3.818978008077492063e+02 5.000000000000000000e+00
2.617235188688688595e+03 -3.605208655555273367e+02 5.000000000000000000e+00
2.659391997097096919e+03 -3.218012572837649827e+02 5.000000000000000000e+00
2.764784018118117729e+03 -3.396749198351448484e+01 5.000000000000000000e+00
2.810453893893893564e+03 1.226081455380685554e+02 5.000000000000000000e+00
2.884228308608608586e+03 2.137181324351502667e+02 5.000000000000000000e+00
2.891254443343343155e+03 2.107984674817399764e+02 5.000000000000000000e+00
2.940437386486486503e+03 1.169953990203957659e+02 5.000000000000000000e+00
2.993133396996996908e+03 -7.121322131073856099e+01 5.000000000000000000e+00
3.172299832732732739e+03 -2.317644526094606476e+02 5.000000000000000000e+00
3.200404371671671470e+03 -1.675467414872900349e+02 5.000000000000000000e+00
3.207430506406406039e+03 -1.694411337676530422e+02 5.000000000000000000e+00
3.256613449549549387e+03 -2.133444766129915848e+01 5.000000000000000000e+00
3.270665719019018979e+03 4.145066343733577696e+01 5.000000000000000000e+00
3.277691853753753549e+03 6.173227307192507851e+01 5.000000000000000000e+00
3.309309460060059791e+03 1.987118897524700856e+02 5.000000000000000000e+00
3.400649211611611463e+03 4.146047842824643794e+02 5.000000000000000000e+00
3.477936693693693542e+03 2.694996676067103181e+02 5.000000000000000000e+00
3.495502030530530192e+03 2.121372144851535779e+02 5.000000000000000000e+00
