2.337364819999999781e+03 -2.061999999999999886e+02 4.299999999999999822e+00
2.487101369999999861e+03 2.615000000000000000e+02 4.200000000000000178e+00
2.507077150000000074e+03 3.403000000000000114e+02 3.799999999999999822e+00
2.541955269999999928e+03 4.198999999999999773e+02 5.799999999999999822e+00
2.541958299999999781e+03 4.293999999999999773e+02 4.000000000000000000e+00
2.736306950000000143e+03 -2.519999999999999929e+01 5.299999999999999822e+00
2.857037139999999908e+03 -2.150000000000000000e+01 5.000000000000000000e+00
3.100276800000000094e+03 5.113000000000000114e+02 3.700000000000000178e+00
3.499178260000000137e+03 1.225000000000000000e+02 5.299999999999999822e+00
3.636025169999999889e+03 3.305000000000000000e+02 6.200000000000000178e+00
3.963951230000000123e+03 -2.350999999999999943e+02 4.900000000000000355e+00
4.309113010000000031e+03 -2.686999999999999886e+02 5.200000000000000178e+00
4.338994730000000345e+03 -3.363999999999999773e+02 3.399999999999999911e+00
4.560239679999999680e+03 -1.160000000000000000e+02 3.500000000000000000e+00
4.588269440000000031e+03 -2.230000000000000071e+01 5.000000000000000000e+00
4.674023040000000037e+03 1.691999999999999886e+02 4.099999999999999645e+00
4.674025380000000041e+03 1.686999999999999886e+02 4.099999999999999645e+00
4.677067339999999604e+03 1.716999999999999886e+02 3.799999999999999822e+00
4.928330149999999776e+03 -3.908000000000000114e+02 3.500000000000000000e+00
4.952301330000000235e+03 -3.595000000000000000e+02 4.500000000000000000e+00
4.953310220000000299e+03 -3.531999999999999886e+02 4.099999999999999645e+00
5.132930250000000342e+03 7.940000000000000568e+01 6.700000000000000178e+00
5.267333859999999731e+03 1.450000000000000000e+02 3.500000000000000000e+00
5.296329950000000281e+03 4.579999999999999716e+01 3.500000000000000000e+00
5.324284969999999703e+03 -3.520000000000000284e+01 4.000000000000000000e+00
5.347153669999999693e+03 -1.170000000000000000e+02 4.099999999999999645e+00
5.384187179999999898e+03 -1.946999999999999886e+02 4.200000000000000178e+00
5.398047959999999875e+03 -2.165999999999999943e+02 3.700000000000000178e+00
5.436026149999999689e+03 -2.645000000000000000e+02 3.500000000000000000e+00
5.467928210000000036e+03 -2.518000000000000114e+02 3.700000000000000178e+00
5.613381190000000061e+03 6.979999999999999716e+01 3.500000000000000000e+00
5.656341529999999693e+03 2.221999999999999886e+02 3.299999999999999822e+00
5.657340799999999945e+03 2.265000000000000000e+02 3.799999999999999822e+00
5.690210130000000390e+03 3.385000000000000000e+02 6.000000000000000000e+00
5.712159810000000107e+03 4.010000000000000000e+02 3.799999999999999822e+00
5.763070190000000366e+03 3.993000000000000114e+02 3.399999999999999911e+00
5.766075829999999769e+03 3.908999999999999773e+02 3.600000000000000089e+00
5.770066890000000058e+03 3.886000000000000227e+02 4.000000000000000000e+00
5.784950219999999717e+03 3.693000000000000114e+02 4.099999999999999645e+00
5.787005500000000211e+03 3.641999999999999886e+02 3.600000000000000089e+00
5.788002169999999751e+03 3.663000000000000114e+02 3.700000000000000178e+00
5.804928630000000339e+03 2.938000000000000114e+02 3.799999999999999822e+00
5.809972679999999855e+03 2.825000000000000000e+02 3.700000000000000178e+00
5.846919119999999566e+03 1.640999999999999943e+02 4.900000000000000355e+00
